0.000000 0.000000 0.000000 0 0
0.001000 21.393469 0.651831 21 327
0.002000 42.747753 2.566410 42 1287
0.003000 64.023743 5.663208 64 2859
0.004000 85.182465 9.864225 85 5006
0.005000 106.185181 15.093847 106 7675
0.006000 126.993408 21.278713 126 10818
0.007000 147.569031 28.347601 147 14408
0.008000 167.874374 36.231319 167 18417
0.009000 187.872253 44.862610 187 22803
0.010000 207.526031 54.176064 207 27543
0.011000 226.799713 64.108047 226 32599
0.012000 245.658005 74.596634 245 37937
0.013000 264.066345 85.581535 264 43538
0.014000 281.991028 97.004066 281 49356
0.015000 299.399231 108.807083 299 55362
0.016000 316.259064 120.934959 316 61544
0.017000 332.539673 133.333542 332 67861
0.018000 348.211182 145.950119 348 74288
0.019000 363.244934 158.733429 363 80803
0.020000 377.613403 171.633591 377 87369
0.021000 391.290222 184.602158 391 93968
0.022000 404.250397 197.592041 404 100582
0.023000 416.470123 210.557556 416 107179
0.024000 427.927094 223.454391 427 113729
0.025000 438.600281 236.239594 438 120220
0.026000 448.470123 248.871613 448 126639
0.027000 457.518585 261.310303 457 132959
0.028000 465.729095 273.516846 465 139155
0.029000 473.086548 285.453888 473 145219
0.030000 479.577545 297.085480 479 151128
0.031000 485.190155 308.377045 485 156861
0.032000 489.914093 319.295471 489 162397
0.033000 493.740753 329.809082 493 167717
0.034000 496.663086 339.887665 496 172819
0.035000 498.675751 349.502441 498 177685
0.036000 499.775055 358.626129 499 182299
0.037000 499.959015 367.232941 499 186645
0.038000 499.227264 375.298584 499 190723
0.039000 497.581146 382.800262 497 194520
0.040000 495.023682 389.716736 495 198020
0.041000 491.559570 396.028259 491 201211
0.042000 487.195129 401.716675 487 204081
0.043000 481.938354 406.765289 481 206619
0.044000 475.798889 411.159027 475 208814
0.045000 468.787994 414.884338 468 210671
0.046000 460.918457 417.929260 460 212179
0.047000 452.204742 420.283356 452 213346
0.048000 442.662781 421.937775 442 214160
0.049000 432.310059 422.885223 432 214612
0.050000 421.165558 423.119934 421 214708
0.051000 409.249634 422.637726 409 214439
0.052000 396.584167 421.435944 396 213797
0.053000 383.192352 419.513458 383 212790
0.054000 369.098663 416.870667 369 211424
0.055000 354.328979 413.509491 354 209690
0.056000 338.910309 409.433350 338 207579
0.057000 322.870911 404.647095 322 205099
0.058000 306.240143 399.157104 306 202272
0.059000 289.048492 392.971130 289 199104
0.060000 271.327423 386.098358 271 195585
0.061000 253.109421 378.549377 253 191721
0.062000 234.427826 370.336151 234 187518
0.063000 215.316864 361.471924 215 182981
0.064000 195.811462 351.971252 195 178115
0.065000 175.947433 341.850006 175 172924
0.066000 155.761124 331.125244 155 167430
0.067000 135.289536 319.815216 135 161651
0.068000 114.570160 307.939362 114 155587
0.069000 93.640938 295.518219 93 149241
0.070000 72.540199 282.573395 72 142631
0.071000 51.306606 269.127533 51 135772
0.072000 29.979040 255.204239 29 128665
0.073000 8.596564 240.828079 8 121325
0.074000 -12.801657 226.024490 -12 113796
0.075000 -34.176430 210.819763 -34 106075
0.076000 -55.488609 195.240952 -55 98159
0.077000 -76.699150 179.315857 -76 90075
0.078000 -97.769218 163.072968 -97 81834
0.079000 -118.660217 146.541382 -118 73445
0.080000 -139.333878 129.750763 -139 64917
0.081000 -159.752335 112.731308 -159 56275
0.082000 -179.878204 95.513641 -179 47540
0.083000 -199.674606 78.128799 -199 38719
0.084000 -219.105301 60.608143 -219 29816
0.085000 -238.134674 42.983326 -238 20853
0.086000 -256.727905 25.286209 -256 11866
0.087000 -274.850891 7.548815 -274 2870
0.088000 -292.470520 -10.196737 -292 -6134
0.089000 -309.554413 -27.918291 -309 -15130
0.090000 -326.071381 -45.583710 -326 -24103
0.091000 -341.991089 -63.160946 -341 -33023
0.092000 -357.284454 -80.618088 -357 -41877
0.093000 -371.923401 -97.923439 -371 -50654
0.094000 -385.881165 -115.045547 -385 -59328
0.095000 -399.132141 -131.953293 -399 -67904
0.096000 -411.652100 -148.615921 -411 -76359
0.097000 -423.418091 -165.003143 -423 -84669
0.098000 -434.408539 -181.085129 -434 -92825
0.099000 -444.603363 -196.832596 -444 -100807
0.100000 -453.983856 -212.216888 -453 -108594
0.101000 -462.532837 -227.209991 -462 -116182
0.102000 -470.234650 -241.784592 -470 -123570
0.103000 -477.075226 -255.914139 -477 -130737
0.104000 -483.041992 -269.572876 -483 -137665
0.105000 -488.124023 -282.735931 -488 -144338
0.106000 -492.312042 -295.379303 -492 -150741
0.107000 -495.598358 -307.479980 -495 -156859
0.108000 -497.976929 -319.015869 -497 -162679
0.109000 -499.443451 -329.965942 -499 -168204
0.110000 -499.995178 -340.310242 -499 -173420
0.111000 -499.631165 -350.029907 -499 -178315
0.112000 -498.352020 -359.107208 -498 -182893
0.113000 -496.160095 -367.525604 -496 -187142
0.114000 -493.059448 -375.269745 -493 -191052
0.115000 -489.055725 -382.325500 -489 -194612
0.116000 -484.156250 -388.680023 -484 -197813
0.117000 -478.370026 -394.321747 -478 -200645
0.118000 -471.707611 -399.240387 -471 -203100
0.119000 -464.181244 -403.426971 -464 -205186
0.120000 -455.804718 -406.873901 -455 -206895
0.121000 -446.593323 -409.574921 -446 -208218
0.122000 -436.563995 -411.525085 -436 -209162
0.123000 -425.735046 -412.720886 -425 -209721
0.124000 -414.126343 -413.160187 -414 -209903
0.125000 -401.759125 -412.842194 -401 -209700
0.126000 -388.656067 -411.767548 -388 -209104
0.127000 -374.841156 -409.938232 -374 -208124
0.128000 -360.339722 -407.357605 -360 -206767
0.129000 -345.178284 -404.030457 -345 -205040
0.130000 -329.384613 -399.962891 -329 -202937
0.131000 -312.987671 -395.162384 -312 -200449
0.132000 -296.017456 -389.637756 -296 -197599
0.133000 -278.505096 -383.399139 -278 -194395
0.134000 -260.482605 -376.458008 -260 -190827
0.135000 -241.983032 -368.827057 -241 -186901
0.136000 -223.040253 -360.520294 -223 -182640
0.137000 -203.688950 -351.552979 -203 -178048
0.138000 -183.964584 -341.941498 -183 -173114
0.139000 -163.903275 -331.703522 -163 -167860
0.140000 -143.541763 -320.857788 -143 -162305
0.141000 -122.917351 -309.424164 -122 -156453
0.142000 -102.067802 -297.423615 -102 -150322
0.143000 -81.031311 -284.878143 -81 -143929
0.144000 -59.846409 -271.810730 -59 -137259
0.145000 -38.551891 -258.245331 -38 -130329
0.146000 -17.186762 -244.206787 -17 -123170
0.147000 4.209845 -229.720825 4 -115797
0.148000 25.598742 -214.813980 25 -108222
0.149000 46.940754 -199.513565 46 -100458
0.150000 68.196785 -183.847610 68 -92501
0.151000 89.327919 -167.844818 89 -84364
0.152000 110.295433 -151.534500 110 -76072
0.153000 131.060944 -134.946548 131 -67635
0.154000 151.586395 -118.111343 151 -59078
0.155000 171.834213 -101.059723 171 -50424
0.156000 191.767303 -83.822929 191 -41678
0.157000 211.349167 -66.432533 211 -32846
0.158000 230.543915 -48.920391 230 -23950
0.159000 249.316422 -31.318583 249 -15009
0.160000 267.632263 -13.659351 267 -6041
0.161000 285.457947 4.024956 285 2937
0.162000 302.760773 21.701944 302 11909
0.163000 319.509094 39.339237 319 20859
0.164000 335.672211 56.904526 335 29772
0.165000 351.220520 74.365631 351 38636
0.166000 366.125519 91.690575 366 47438
0.167000 380.359955 108.847618 380 56151
0.168000 393.897736 125.805336 393 64749
0.169000 406.714050 142.532669 406 73224
0.170000 418.785461 158.998978 418 81568
0.171000 430.089844 175.174103 430 89772
0.172000 440.606476 191.028412 440 97814
0.173000 450.316101 206.532867 450 105674
0.174000 459.200928 221.659073 459 113346
0.175000 467.244720 236.379318 467 120811
0.176000 474.432739 250.666641 474 128051
0.177000 480.751770 264.494873 480 135048
0.178000 486.190277 277.838684 486 141802
0.179000 490.738312 290.673615 490 148295
0.180000 494.387512 302.976196 494 154514
0.181000 497.131195 314.723877 497 160460
0.182000 498.964386 325.895111 498 166102
0.183000 499.883636 336.469482 499 171428
0.184000 499.887360 346.427582 499 176443
0.185000 498.975494 355.751190 498 181133
0.186000 497.149719 364.423248 497 185504
0.187000 494.413391 372.427826 494 189544
0.188000 490.771484 379.750305 490 193225
0.189000 486.230713 386.377258 486 196555
0.190000 480.799377 392.296539 480 199525
0.191000 474.487427 397.497314 474 202125
0.192000 467.306427 401.970062 467 204362
0.193000 459.269501 405.706573 459 206227
0.194000 450.391418 408.700012 450 207713
0.195000 440.688385 410.944885 440 208811
0.196000 430.178223 412.437103 430 209530
0.197000 418.880157 413.173920 418 209861
0.198000 406.814880 413.153992 406 209798
0.199000 394.004486 412.377350 394 209364
0.200000 380.472473 410.845398 380 208551
0.201000 366.243561 408.560974 366 207352
0.202000 351.343872 405.528229 351 205774
0.203000 335.800690 401.752747 335 203810
0.204000 319.642426 397.241425 319 201467
0.205000 302.898743 392.002533 302 198755
0.206000 285.600281 386.045685 285 195679
0.207000 267.778717 379.381744 267 192247
0.208000 249.466690 372.022949 249 188464
0.209000 230.697754 363.982788 230 184337
0.210000 211.506271 355.275970 211 179871
0.211000 191.927414 345.918427 191 175072
0.212000 171.997009 335.927307 171 169944
0.213000 151.751602 325.320923 151 164508
0.214000 131.228241 314.118713 131 158782
0.215000 110.464531 302.341156 110 152770
0.216000 89.498497 290.009857 89 146473
0.217000 68.368538 277.147369 68 139908
0.218000 47.113354 263.777283 47 133092
0.219000 25.771885 249.924072 25 126024
0.220000 4.383210 235.613098 4 118721
0.221000 -17.013493 220.870590 -17 111212
0.222000 -38.379032 205.723541 -38 103510
0.223000 -59.674282 190.199707 -59 95627
0.224000 -80.860229 174.327499 -80 87574
0.225000 -101.898079 158.136002 -101 79363
0.226000 -122.749298 141.654877 -122 71002
0.227000 -143.375687 124.914299 -143 62500
0.228000 -163.739471 107.944931 -163 53882
0.229000 -183.803360 90.777855 -183 45170
0.230000 -203.530609 73.444511 -203 36370
0.231000 -222.885071 55.976654 -222 27504
0.232000 -241.831299 38.406273 -241 18590
0.233000 -260.334595 20.765547 -260 9632
0.234000 -278.361084 3.086788 -278 648
0.235000 -295.877716 -14.597623 -295 -8329
0.236000 -312.852448 -32.255299 -312 -17284
0.237000 -329.254150 -49.853893 -329 -26218
0.238000 -345.052826 -67.361176 -345 -35116
0.239000 -360.219513 -84.745087 -360 -43950
0.240000 -374.726410 -101.973778 -374 -52694
0.241000 -388.546967 -119.015694 -388 -61337
0.242000 -401.655914 -135.839630 -401 -69869
0.243000 -414.029175 -152.414764 -414 -78281
0.244000 -425.644104 -168.710739 -425 -86549
0.245000 -436.479431 -184.697708 -436 -94652
0.246000 -446.515350 -200.346390 -446 -102583
0.247000 -455.733429 -215.628128 -455 -110323
0.248000 -464.116791 -230.514923 -464 -117868
0.249000 -471.650116 -244.979523 -471 -125198
0.250000 -478.319550 -258.995422 -478 -132295
0.251000 -484.112854 -272.536957 -484 -139158
0.252000 -489.019470 -285.579315 -489 -145771
0.253000 -493.030487 -298.098602 -493 -152117
0.254000 -496.138489 -310.071899 -496 -158182
0.255000 -498.337799 -321.477295 -498 -163952
0.256000 -499.624390 -332.293884 -499 -169414
0.257000 -499.995941 -342.501862 -499 -174556
0.258000 -499.451721 -352.082520 -499 -179381
0.259000 -497.992737 -361.018311 -497 -183878
0.260000 -495.621704 -369.292877 -495 -188036
0.261000 -492.342926 -376.891083 -492 -191860
0.262000 -488.162384 -383.799011 -488 -195340
0.263000 -483.087799 -390.003967 -483 -198465
0.264000 -477.128418 -395.494629 -477 -201226
0.265000 -470.295197 -400.260925 -470 -203615
0.266000 -462.600586 -404.294128 -462 -205623
0.267000 -454.058746 -407.586853 -454 -207258
0.268000 -444.685272 -410.133087 -444 -208511
0.269000 -434.497345 -411.928131 -434 -209375
0.270000 -423.513641 -412.968719 -423 -209859
0.271000 -411.754272 -413.252960 -411 -209955
0.272000 -399.240784 -412.780304 -399 -209670
0.273000 -385.996063 -411.551636 -385 -208997
0.274000 -372.044373 -409.569214 -372 -207944
0.275000 -357.411285 -406.836639 -357 -206519
0.276000 -342.123596 -403.358948 -342 -204715
0.277000 -326.209320 -399.142487 -326 -202539
0.278000 -309.697571 -394.194977 -309 -199982
0.279000 -292.618591 -388.525513 -292 -197052
0.280000 -275.003693 -382.144440 -275 -193772
0.281000 -256.885132 -375.063477 -256 -190132
0.282000 -238.296082 -367.295563 -238 -186139
0.283000 -219.270584 -358.854950 -219 -181816
0.284000 -199.843475 -349.757080 -199 -177151
0.285000 -180.050369 -340.018616 -180 -172164
0.286000 -159.927490 -329.657410 -159 -166859
0.287000 -139.511703 -318.692413 -139 -161242
0.288000 -118.840393 -307.143738 -118 -155331
0.289000 -97.951431 -295.032532 -97 -149129
0.290000 -76.883072 -282.380951 -76 -142654
0.291000 -55.673897 -269.212189 -55 -135922
0.292000 -34.362755 -255.550369 -34 -128949
0.293000 -12.988678 -241.420502 -12 -121735
0.294000 8.409189 -226.848465 8 -114310
0.295000 29.791655 -211.860947 29 -106702
0.296000 51.119556 -196.485413 51 -98891
0.297000 72.353828 -180.750000 72 -90890
0.298000 93.455589 -164.683548 93 -82727
0.299000 114.386185 -148.315475 114 -74411
0.300000 135.107269 -131.675751 135 -65951
0.301000 155.580917 -114.794868 155 -57372
0.302000 175.769608 -97.703735 175 -48698
0.303000 195.636383 -80.433655 195 -39934
0.304000 215.144836 -63.016258 215 -31086
0.305000 234.259262 -45.483444 234 -22174
0.306000 252.944626 -27.867327 252 -13233
0.307000 271.166718 -10.200170 271 -4265
0.308000 288.892181 7.485671 288 4713
0.309000 306.088531 25.157801 306 13685
0.310000 322.724274 42.783855 322 22635
0.311000 338.768921 60.331551 338 31533
0.312000 354.193115 77.768745 354 40382
0.313000 368.968628 95.063507 368 49155
0.314000 383.068359 112.184158 383 57840
0.314999 396.466461 129.099350 396 66428
0.315999 409.138458 145.778091 409 74893
0.316999 421.061127 162.189835 421 83226
0.317999 432.212585 178.304535 432 91405
0.318999 442.572479 194.092667 442 99409
0.319999 452.121765 209.525314 452 107233
0.320999 460.842987 224.574203 460 114856
0.321999 468.720184 239.211792 468 122259
0.322999 475.738892 253.411255 475 129441
0.323999 481.886292 267.146606 481 136384
0.324999 487.151093 280.392670 487 143087
0.325999 491.523712 293.125183 491 149533
0.326999 494.996063 305.320831 494 155692
0.327999 497.561829 316.957275 497 161566
0.328999 499.216309 328.013214 499 167156
0.329999 499.956451 338.468384 499 172433
0.330999 499.780945 348.303650 499 177386
0.331999 498.690063 357.501007 498 182018
0.332999 496.685822 366.043579 496 186318
0.333999 493.771912 373.915741 493 190276
0.334999 489.953644 381.103088 489 193881
0.335999 485.238007 387.592438 485 197139
0.336999 479.633667 393.371887 479 200041
0.337999 473.150879 398.430878 473 202577
0.338999 465.801483 402.760132 465 204739
0.339999 457.598969 406.351746 457 206519
0.340999 448.558380 409.199127 448 207925
0.341999 438.696228 411.297028 438 208948
0.342999 428.030609 412.641632 428 209596
0.343999 416.581024 413.230499 416 209861
0.344999 404.368500 413.062531 404 209735
0.345999 391.415344 412.138031 391 209227
0.346999 377.745331 410.458679 377 208329
0.347999 363.383453 408.027588 363 207049
0.348999 348.356018 404.849182 348 205396
0.349999 332.690582 400.929291 332 203362
0.350999 316.415833 396.275085 316 200954
0.351999 299.561554 390.895081 299 198179
0.352999 282.158630 384.799164 282 195045
0.353999 264.238922 377.998474 264 191558
0.354999 245.835251 370.505493 245 187708
0.355999 226.981323 362.333923 226 183503
0.356999 207.711685 353.498718 207 178964
0.357999 188.061630 344.016083 188 174111
0.358999 168.067123 333.903381 168 168949
0.359999 147.764816 323.179138 147 163465
0.360999 127.191856 311.862976 127 157680
0.361999 106.385956 299.975616 106 151610
0.362999 85.385201 287.538849 85 145259
0.363999 64.228065 274.575470 64 138645
0.364999 42.953293 261.109192 42 131767
0.365999 21.599854 247.164688 21 124641
0.366999 0.206854 232.767502 0 117299
0.367999 -21.186525 217.944000 -21 109754
0.368999 -42.541100 202.721329 -42 102018
0.369999 -63.817764 187.127380 -63 94103
0.370999 -84.977539 171.190704 -84 86020
0.371999 -105.981682 154.940491 -105 77779
0.372999 -126.791718 138.406494 -126 69390
0.373999 -147.369522 121.619011 -147 60862
0.374999 -167.677429 104.608780 -167 52219
0.375999 -187.678238 87.406952 -187 43484
0.376999 -207.335297 70.045036 -207 34663
0.377999 -226.612625 52.554836 -226 25777
0.378999 -245.474915 34.968380 -245 16845
0.379999 -263.887604 17.317879 -263 7885
0.380999 -281.816986 -0.364340 -281 -1085
0.381999 -299.230225 -18.045891 -299 -10064
0.382999 -316.095398 -35.694389 -316 -19036
0.383999 -332.381653 -53.277515 -332 -27971
0.384999 -348.059143 -70.763062 -348 -36856
0.385999 -363.099152 -88.119003 -363 -45677
0.386999 -377.474152 -105.313553 -377 -54407
0.387999 -391.157806 -122.315224 -391 -63037
0.388999 -404.125031 -139.092865 -404 -71557
0.389999 -416.352112 -155.615768 -416 -79942
0.390999 -427.816620 -171.853653 -427 -88170
0.391998 -438.497589 -187.776779 -438 -96236
0.392998 -448.375458 -203.356003 -448 -104133
0.393998 -457.432098 -218.562775 -457 -111840
0.394998 -465.650940 -233.369247 -465 -119339
0.395998 -473.016968 -247.748291 -473 -126625
0.396998 -479.516632 -261.673584 -479 -133681
0.397998 -485.138062 -275.119629 -485 -140490
0.398998 -489.870941 -288.061768 -489 -147036
0.399998 -493.706635 -300.476318 -493 -153304
0.400998 -496.638092 -312.340546 -496 -159296
0.401998 -498.659973 -323.632721 -498 -164997
0.402998 -499.768524 -334.332153 -499 -170394
0.403998 -499.961761 -344.419250 -499 -175475
0.404998 -499.239288 -353.875549 -499 -180244
0.405998 -497.602478 -362.683716 -497 -184688
0.406998 -495.054260 -370.827637 -495 -188796
0.407998 -491.599396 -378.292358 -491 -192557
0.408998 -487.244110 -385.064240 -487 -195963
0.409998 -481.996460 -391.130890 -481 -199003
0.410998 -475.866028 -396.481171 -475 -201669
0.411998 -468.864044 -401.105286 -468 -203968
0.412998 -461.003326 -404.994781 -461 -205907
0.413998 -452.298279 -408.142517 -452 -207477
0.414998 -442.764832 -410.542725 -442 -208655
0.415998 -432.420441 -412.191040 -432 -209448
0.416998 -421.284088 -413.084412 -421 -209865
0.417998 -409.376129 -413.221222 -409 -209897
0.418998 -396.718414 -412.601196 -396 -209538
0.419998 -383.334106 -411.225494 -383 -208796
0.420998 -369.247681 -409.096619 -369 -207679
0.421998 -354.485016 -406.218475 -354 -206178
0.422998 -339.073090 -402.596344 -339 -204302
0.423998 -323.040131 -398.236847 -323 -202057
0.424998 -306.415558 -393.147980 -306 -199435
0.425998 -289.229736 -387.339050 -289 -196445
0.426998 -271.514221 -380.820709 -271 -193093
0.427998 -253.301407 -373.604889 -253 -189386
0.428998 -234.624664 -365.704803 -234 -185330
0.429998 -215.518219 -357.134918 -215 -180930
0.430998 -196.017044 -347.910950 -196 -176209
0.431998 -176.156860 -338.049774 -176 -171171
0.432998 -155.974030 -327.569458 -155 -165803
0.433998 -135.505554 -316.489197 -135 -160127
0.434998 -114.788879 -304.829285 -114 -154160
0.435998 -93.861977 -292.611053 -93 -147905
0.436998 -72.763161 -279.856903 -72 -141380
0.437998 -51.531078 -266.590210 -51 -134601
0.438998 -30.204617 -252.835236 -30 -127584
0.439998 -8.822836 -238.617203 -8 -120328
0.440998 12.575105 -223.962128 12 -112864
0.441998 33.950012 -208.896866 33 -105220
0.442998 55.262745 -193.449005 55 -97376
0.443998 76.474258 -177.646851 76 -89344
0.444998 97.545708 -161.519333 97 -81151
0.445998 118.438507 -145.095993 118 -72807
0.446998 139.114380 -128.406906 139 -64321
0.447998 159.535461 -111.482635 159 -55718
0.448998 179.664352 -94.354179 179 -47021
0.449998 199.464188 -77.052917 199 -38235
0.450998 218.898697 -59.610531 218 -29381
0.451998 237.932297 -42.058968 237 -20480
0.452998 256.530121 -24.430370 256 -11533
0.453998 274.658112 -6.757029 274 -2560
0.454998 292.283051 10.928688 292 6422
0.455998 309.372681 28.594389 309 15397
0.456998 325.895660 46.207718 325 24334
0.457998 341.821777 63.736416 341 33220
0.458998 357.121857 81.148384 357 42059
0.459998 371.767853 98.411728 371 50822
0.460998 385.732941 115.494827 385 59483
0.461998 398.991577 132.366394 398 68032
0.462998 411.519440 148.995529 411 76461
0.463998 423.293610 165.351776 423 84761
0.464998 434.292480 181.405182 434 92909
0.465998 444.495972 197.126343 444 100882
0.466998 453.885345 212.486465 453 108661
0.467998 462.443451 227.457413 462 116242
0.468998 470.154541 242.011765 470 123623
0.469997 477.004578 256.122864 477 130784
0.470997 482.980957 269.764893 482 137691
0.471997 488.072754 282.912842 488 144344
0.472997 492.270630 295.542633 492 150744
0.473997 495.566895 307.631134 495 156859
0.474997 497.955536 319.156189 497 162676
0.475997 499.432159 330.096710 499 168198
0.476997 499.994080 340.432648 499 173411
0.477997 499.640259 350.145081 499 178304
0.478997 498.371338 359.216217 498 182880
0.479997 496.189636 367.629456 496 187127
0.480997 493.099152 375.369385 493 191035
0.481997 489.105530 382.421814 489 194593
0.482997 484.216156 388.773834 484 197792
0.483997 478.439880 394.413788 478 200623
0.484997 471.787384 399.331390 471 203076
0.485997 464.270782 403.517609 464 205161
0.486997 455.903839 406.964783 455 206868
0.487997 446.701935 409.666595 446 208189
0.488997 436.681885 411.618073 436 209132
0.489997 425.862030 412.815674 425 209690
0.490997 414.262207 413.257202 414 209871
0.491997 401.903656 412.941833 401 209667
0.492997 388.809021 411.870178 388 209070
0.493997 375.002289 410.044159 375 208104
0.494997 360.508728 407.467163 360 206760
0.495997 345.354889 404.143860 345 205031
0.496997 329.568512 400.080383 329 202925
0.497997 313.178528 395.284149 313 200450
0.498997 296.214966 389.763947 296 197612
0.499997 278.708893 383.529877 278 194404
0.500997 260.691803 376.593353 260 190832
0.501997 242.197784 368.967072 242 186918
0.502997 223.260178 360.665039 223 182668
0.503997 203.913666 351.702423 203 178071
0.504997 184.193680 342.095673 184 173149
0.505997 164.136337 331.862366 164 167922
0.506997 143.778381 321.021271 143 162376
0.507997 123.157097 309.592194 123 156533
0.508997 102.310249 297.596100 102 150410
0.509997 81.276016 285.054962 81 144009
0.510997 60.092926 271.991760 60 137347
0.511997 38.799774 258.430389 38 130423
0.512997 17.435560 244.395706 17 123255
0.513997 -3.960588 229.913406 -3 115889
0.514997 -25.349482 215.010010 -25 108322
0.515997 -46.691948 199.712830 -46 100549
0.516997 -67.948898 184.049866 -67 92599
0.517997 -89.081398 168.049820 -89 84468
0.518997 -110.050743 151.741989 -110 76167
0.519997 -130.818527 135.156235 -130 67736
0.520997 -151.346725 118.322937 -151 59185
0.521997 -171.597717 101.272934 -171 50521
0.522997 -191.534424 84.037445 -191 41766
0.523997 -211.120346 66.648041 -211 32926
0.524997 -230.319595 49.136574 -230 24022
0.525997 -249.097000 31.535112 -249 15074
0.526997 -267.418182 13.875895 -267 6099
0.527997 -285.249603 -3.808737 -285 -2886
0.528997 -302.558563 -21.486393 -302 -11864
0.529997 -319.313385 -39.124695 -319 -20820
0.530997 -335.483398 -56.691341 -335 -29739
0.531997 -351.038971 -74.154160 -351 -38608
0.532997 -365.951599 -91.481163 -365 -47399
0.533997 -380.193970 -108.640610 -380 -56101
0.534997 -393.740021 -125.601082 -393 -64705
0.535997 -406.564941 -142.331512 -406 -73186
0.536997 -418.645233 -158.801270 -418 -81535
0.537997 -429.958740 -174.980179 -429 -89728
0.538997 -440.484802 -190.838608 -440 -97760
0.539997 -450.204102 -206.347504 -450 -105626
0.540997 -459.098846 -221.478470 -459 -113304
0.541997 -467.152740 -236.203796 -467 -120775
0.542997 -474.351044 -250.496521 -474 -128020
0.543997 -480.680573 -264.330444 -480 -135021
0.544997 -486.129730 -277.680267 -486 -141779
0.545997 -490.688538 -290.521515 -490 -148277
0.546997 -494.348633 -302.830658 -494 -154500
0.547997 -497.103302 -314.585175 -497 -160450
0.548997 -498.947540 -325.763519 -498 -166096
0.549996 -499.877960 -336.345215 -499 -171426
0.550996 -499.892822 -346.310883 -499 -176444
0.551996 -498.992157 -355.642273 -498 -181137
0.552996 -497.177551 -364.322296 -497 -185510
0.553996 -494.452362 -372.335083 -494 -189552
0.554996 -490.821594 -379.665924 -490 -193236
0.555996 -486.291870 -386.301392 -486 -196568
0.556996 -480.871490 -392.229340 -480 -199539
0.557996 -474.570404 -397.438934 -474 -202140
0.558996 -467.400116 -401.920593 -467 -204379
0.559996 -459.373779 -405.666138 -459 -206246
0.560996 -450.506104 -408.668701 -450 -207734
0.561996 -440.813324 -410.922791 -440 -208834
0.562996 -430.313171 -412.424255 -430 -209554
0.563996 -419.024902 -413.170380 -419 -209902
0.564996 -406.969208 -413.159760 -406 -209855
0.565996 -394.168121 -412.392426 -394 -209420
0.566996 -380.645111 -410.869812 -380 -208606
0.567996 -366.424927 -408.594666 -366 -207406
0.568996 -351.533661 -405.571198 -351 -205828
0.569996 -335.998535 -401.804901 -335 -203863
0.570996 -319.848053 -397.302704 -319 -201520
0.571996 -303.111725 -392.072845 -303 -198822
0.572996 -285.820282 -386.124878 -285 -195760
0.573996 -268.005341 -379.469727 -268 -192342
0.574996 -249.699524 -372.119568 -249 -188572
0.575996 -230.936401 -364.087860 -230 -184441
0.576996 -211.750305 -355.389343 -211 -179972
0.577996 -192.176392 -346.039917 -192 -175185
0.578996 -172.250504 -336.056702 -172 -170085
0.579996 -152.009140 -325.458008 -152 -164675
0.580996 -131.489365 -314.263245 -131 -158958
0.581996 -110.728767 -302.492889 -110 -152938
0.582996 -89.765366 -290.168518 -89 -146633
0.583996 -68.637566 -277.312714 -68 -140061
0.584996 -47.384045 -263.949005 -47 -133238
0.585996 -26.043743 -250.101852 -26 -126180
0.586996 -4.655743 -235.796631 -4 -118886
0.587996 16.740786 -221.059555 16 -111386
0.588996 38.106651 -205.917603 38 -103693
0.589996 59.402725 -190.398514 59 -95802
0.590996 80.590004 -174.530701 80 -87741
0.591996 101.629677 -158.343231 101 -79522
0.592996 122.483215 -141.865753 122 -71154
0.593996 143.112427 -125.128448 143 -62646
0.594996 163.479523 -108.161972 163 -54022
0.595996 183.547211 -90.997398 183 -45305
0.596996 203.278717 -73.666161 203 -36500
0.597996 222.637924 -56.200001 222 -27629
0.598996 241.589371 -38.630909 241 -18711
0.599996 260.098328 -20.991064 260 -9748
0.600996 278.130920 -3.312775 278 -760
0.601996 295.654114 14.371582 295 8221
0.602996 312.635834 32.029617 312 17180
0.603996 329.044922 49.628990 329 26118
0.604996 344.851379 67.137466 344 35005
0.605996 360.026215 84.522980 360 43828
0.606996 374.541687 101.753685 374 52576
0.607996 388.371155 118.798027 388 61223
0.608996 401.489349 135.624786 401 69759
0.609996 413.872192 152.203156 413 78160
0.610996 425.497009 168.502762 425 86418
0.611996 436.342529 184.493744 436 94526
0.612996 446.388885 200.146835 446 102462
0.613996 455.617676 215.433350 455 110207
0.614996 464.012024 230.325302 464 117756
0.615996 471.556488 244.795410 471 125090
0.616996 478.237305 258.817169 478 132191
0.617996 484.042206 272.364899 484 139058
0.618996 488.960602 285.413788 488 145658
0.619996 492.983459 297.939941 492 151977
0.620996 496.103394 309.920410 496 158032
0.621996 498.314728 321.333252 498 163808
0.622996 499.613373 332.157562 499 169275
0.623996 499.996979 342.373535 499 174422
0.624996 499.464844 351.962433 499 179252
0.625996 498.017914 360.906708 498 183769
0.626996 495.658875 369.189972 495 187945
0.627995 492.392029 376.797089 492 191771
0.628995 488.223328 383.714081 488 195253
0.629995 483.160492 389.928284 483 198380
0.630995 477.212708 395.428345 477 201143
0.631995 470.390900 400.204163 470 203534
0.632995 462.707581 404.247009 462 205544
0.633995 454.176788 407.549469 454 207181
0.634995 444.814178 410.105499 444 208436
0.635995 434.636871 411.910431 434 209302
0.636995 423.663544 412.960938 423 209788
0.637995 411.914246 413.255096 411 209886
0.638995 399.410553 412.792358 399 209603
0.639995 386.175293 411.573608 386 208947
0.640995 372.232788 409.601044 372 207910
0.641995 357.608521 406.878296 357 206484
0.642995 342.329285 403.410339 342 204679
0.643995 326.423065 399.203522 326 202502
0.644995 309.919006 394.265564 309 199944
0.645995 292.847321 388.605499 292 197013
0.646995 275.239258 382.233704 275 193733
0.647995 257.127136 375.161835 257 190108
0.648995 238.544052 367.402863 238 186129
0.649995 219.524078 358.970978 219 181803
0.650995 200.102051 349.881653 200 177150
0.651995 180.313522 340.151489 180 172175
0.652995 160.194748 329.798340 160 166883
0.653995 139.782593 318.841156 139 161277
0.654995 119.114403 307.300018 119 155376
0.655995 98.228065 295.196045 98 149199
0.656995 77.161812 282.551422 77 142747
0.657995 55.954247 269.389313 55 136021
0.658995 34.644196 255.733810 34 129039
0.659995 13.270691 241.609924 13 121832
0.660995 -8.127117 227.043533 -8 114413
0.661995 -29.510040 212.061310 -29 106795
0.662995 -50.838917 196.690689 -50 98991
0.663995 -72.074677 180.959824 -72 90997
0.664995 -93.178436 164.897537 -93 82824
0.665995 -114.111534 148.533234 -114 74499
0.666995 -134.835632 131.896896 -134 66047
0.667995 -155.312790 115.018982 -155 57475
0.668995 -175.505478 97.930405 -175 48791
0.669995 -195.376724 80.662468 -195 40019
0.670995 -214.890152 63.246799 -214 31177
0.671995 -234.009995 45.715294 -234 22271
0.672995 -252.701233 28.100058 -252 13321
0.673995 -270.929657 10.433357 -270 4360
0.674995 -288.661865 -7.252452 -288 -4611
0.675995 -305.865387 -24.924978 -305 -13576
0.676995 -322.508728 -42.551853 -322 -22520
0.677995 -338.561371 -60.100796 -338 -31428
0.678995 -353.993958 -77.539665 -353 -40271
0.679995 -368.778168 -94.836517 -368 -49038
0.680995 -382.886993 -111.959679 -382 -57718
0.681995 -396.294525 -128.877777 -396 -66300
0.682995 -408.976227 -145.559845 -408 -74760
0.683995 -420.908905 -161.975311 -420 -83074
0.684995 -432.070679 -178.094116 -432 -91251
0.685995 -442.441132 -193.886734 -442 -99267
0.686995 -452.001221 -209.324249 -452 -107102
0.687995 -460.733459 -224.378387 -460 -114736
0.688995 -468.621887 -239.021576 -468 -122150
0.689995 -475.652008 -253.226990 -475 -129341
0.690995 -481.810974 -266.968628 -481 -136293
0.691995 -487.087494 -280.221283 -487 -143004
0.692995 -491.471893 -292.960724 -491 -149458
0.693995 -494.956177 -305.163605 -494 -155624
0.694995 -497.533936 -316.807587 -497 -161505
0.695995 -499.200439 -327.871307 -499 -167102
0.696995 -499.952667 -338.334534 -499 -172386
0.697995 -499.789215 -348.178101 -499 -177345
0.698995 -498.710388 -357.383972 -498 -181983
0.699995 -496.718170 -365.935303 -496 -186288
0.700995 -493.816223 -373.816406 -493 -190250
0.701995 -490.009827 -381.012848 -490 -193875
0.702995 -485.305969 -387.511475 -485 -197152
0.703995 -479.713287 -393.300354 -479 -200056
0.704994 -473.242004 -398.368927 -473 -202594
0.705994 -465.903961 -402.707855 -465 -204758
0.706994 -457.712585 -406.309235 -457 -206540
0.707994 -448.682922 -409.166443 -448 -207946
0.708994 -438.831512 -411.274261 -438 -208970
0.709994 -428.176361 -412.628815 -428 -209620
0.710994 -416.737000 -413.227661 -416 -209886
0.711994 -404.534363 -413.069672 -404 -209761
0.712994 -391.590820 -412.155121 -391 -209254
0.713994 -377.930084 -410.485718 -377 -208357
0.714994 -363.577179 -408.064484 -363 -207079
0.715994 -348.558350 -404.895874 -348 -205427
0.716994 -332.901154 -400.985718 -332 -203394
0.717994 -316.634216 -396.341125 -316 -200987
0.718994 -299.787384 -390.970642 -299 -198213
0.719994 -282.391479 -384.884094 -282 -195080
0.720994 -264.478363 -378.092621 -264 -191594
0.721994 -246.080856 -370.608673 -246 -187761
0.722994 -227.232651 -362.445953 -227 -183587
0.723994 -207.968277 -353.619415 -207 -179061
0.724994 -188.322998 -344.145203 -188 -174205
0.725994 -168.332794 -334.040680 -168 -169040
0.726994 -148.034302 -323.324371 -148 -163569
0.727994 -127.464668 -312.015869 -127 -157795
0.728994 -106.661591 -300.135925 -106 -151721
0.729994 -85.663155 -287.706268 -85 -145366
0.730994 -64.507828 -274.749664 -64 -138747
0.731994 -43.234356 -261.289856 -43 -131880
0.732994 -21.881699 -247.351501 -21 -124766
0.733994 -0.488965 -232.960114 0 -117418
0.734994 20.904665 -218.142059 20 -109884
0.735994 42.260006 -202.924484 42 -102159
0.736994 63.537949 -187.335236 63 -94238
0.737994 84.699524 -171.402893 84 -86150
0.738994 105.705963 -155.156616 105 -77904
0.739994 126.518806 -138.626175 126 -69511
0.740994 147.099930 -121.841835 147 -60979
0.741994 167.411636 -104.834335 167 -52332
0.742994 187.416718 -87.634834 187 -43593
0.743994 207.078552 -70.274826 207 -34769
0.744994 226.361115 -52.786110 226 -25879
0.745994 245.229095 -35.200714 245 -16943
0.746994 263.647949 -17.550848 263 -7980
0.747994 281.583923 0.131164 281 992
0.748994 299.004150 17.812935 299 9973
0.749994 315.876770 35.462082 315 18933
0.750994 332.170837 53.046280 332 27857
0.751994 347.856537 70.533318 347 36731
0.752994 362.905151 87.891174 362 45526
0.753994 377.289093 105.088058 377 54247
0.754994 390.981995 122.092476 390 62868
0.755994 403.958832 138.873276 403 71365
0.756994 416.195831 155.399734 416 79745
0.757994 427.670532 171.641571 427 87983
0.758994 438.361969 187.569046 438 96057
0.759994 448.250519 203.152985 448 103963
0.760994 457.318115 218.364838 457 111678
0.761994 465.548126 233.176758 465 119184
0.762994 472.925446 247.561615 472 126462
0.763994 479.436646 261.493073 479 133510
0.764994 485.069702 274.945587 485 140327
0.765994 489.814392 287.894531 489 146880
0.766994 493.661957 300.316193 493 153155
0.767994 496.605377 312.187836 496 159153
0.768994 498.639252 323.487701 498 164860
0.769994 499.759857 334.195099 499 170263
0.770994 499.965149 344.290405 499 175349
0.771994 499.254761 353.755127 499 180122
0.772994 497.629974 362.571960 497 184571
0.773994 495.093781 370.724731 495 188683
0.774994 491.650787 378.198517 491 192448
0.775994 487.307373 384.979614 487 195857
0.776994 482.071411 391.055634 482 198917
0.777994 475.952545 396.415405 475 201601
0.778994 468.961975 401.049164 468 203901
0.779994 461.112488 404.948395 461 205841
0.780994 452.418457 408.105957 452 207412
0.781994 442.895813 410.516052 442 208591
0.782993 432.562012 412.174286 432 209385
0.783993 421.435974 413.077606 421 209802
0.784993 409.538055 413.224365 409 209835
0.785993 396.890045 412.614319 396 209477
0.786993 383.515167 411.248566 383 208736
0.787993 369.437866 409.129608 369 207619
0.788993 354.683899 406.261322 354 206119
0.789993 339.280365 402.648956 339 204243
0.790993 323.255402 398.299133 323 201999
0.791993 306.638428 393.219818 306 199378
0.792993 289.459808 387.420319 289 196388
0.793993 271.751068 380.911255 271 193036
0.794993 253.544601 373.704529 253 189329
0.795993 234.873749 365.813385 234 185273
0.796993 215.772736 357.252228 215 180874
0.797993 196.276535 348.036774 196 176154
0.798993 176.420853 338.183868 176 171116
0.799993 156.242050 327.711578 156 165764
0.800993 135.777084 316.639099 135 160102
0.801993 115.063438 304.986694 115 154149
0.802993 94.139053 292.775696 94 147923
0.803993 73.042252 280.028473 73 141425
0.804993 51.811680 266.768372 51 134657
0.805993 30.486208 253.019684 30 127634
0.806993 9.104901 238.807587 9 120388
0.807993 -12.293081 224.158112 -12 112933
0.808993 -33.668549 209.098083 -33 105281
0.809993 -54.982353 193.655090 -54 97445
0.810993 -76.195457 177.857407 -76 89420
0.811993 -97.269005 161.733978 -97 81219
0.812993 -118.164406 145.314331 -118 72868
0.813993 -138.843384 128.628540 -138 64391
0.814993 -159.268066 111.707169 -159 55797
0.815993 -179.401062 94.581200 -179 47092
0.816993 -199.205460 77.282005 -199 38298
0.817993 -218.645020 59.841270 -218 29437
0.818993 -237.684143 42.290936 -237 20529
0.819993 -256.287933 24.663143 -256 11577
0.820993 -274.422333 6.990180 -274 2599
0.821993 -292.054108 -10.695585 -292 -6388
0.822993 -309.151001 -28.361761 -309 -15368
0.823993 -325.681671 -45.975990 -325 -24310
0.824993 -341.615845 -63.506016 -341 -33201
0.825993 -356.924347 -80.919731 -356 -42029
0.826993 -371.579163 -98.185242 -371 -50782
0.827993 -385.553406 -115.270920 -385 -59448
0.828993 -398.821503 -132.145477 -398 -68002
0.829993 -411.359131 -148.778015 -411 -76436
0.830993 -423.143372 -165.138062 -423 -84741
0.831993 -434.152618 -181.195648 -434 -92893
0.832993 -444.366730 -196.921371 -444 -100870
0.833993 -453.766937 -212.286438 -453 -108653
0.834993 -462.336090 -227.262695 -462 -116238
0.835993 -470.058472 -241.822723 -470 -123622
0.836993 -476.919922 -255.939850 -476 -130770
0.837993 -482.907898 -269.588226 -482 -137665
0.838993 -488.011414 -282.742828 -488 -144323
0.839993 -492.221130 -295.379578 -492 -150727
0.840993 -495.529327 -307.475342 -495 -156846
0.841993 -497.929993 -319.007965 -497 -162667
0.842993 -499.418640 -329.956329 -499 -168193
0.843993 -499.992645 -340.300385 -499 -173410
0.844993 -499.650879 -350.021149 -499 -178306
0.845993 -498.394012 -359.100861 -498 -182885
0.846993 -496.224304 -367.522858 -496 -187135
0.847993 -493.145782 -375.271759 -493 -191045
0.848993 -489.164032 -382.333344 -489 -194606
0.849993 -484.286377 -388.694672 -484 -197808
0.850993 -478.521759 -394.344086 -478 -200641
0.851993 -471.880707 -399.271271 -471 -203096
0.852993 -464.375427 -403.467163 -464 -205182
0.853993 -456.019623 -406.924103 -456 -206906
0.854993 -446.828613 -409.635773 -446 -208243
0.855993 -436.819214 -411.597198 -436 -209186
0.856993 -426.009796 -412.804749 -426 -209759
0.857993 -414.420105 -413.256256 -414 -209953
0.858993 -402.071442 -412.950867 -402 -209761
0.859993 -388.986359 -411.889160 -388 -209176
0.860992 -375.188812 -410.073090 -375 -208206
0.861992 -360.704132 -407.505951 -360 -206859
0.862992 -345.558838 -404.192474 -345 -205127
0.863992 -329.780609 -400.138702 -329 -203018
0.864992 -313.398407 -395.352081 -313 -200540
0.865992 -296.442200 -389.841370 -296 -197700
0.866992 -278.943054 -383.616638 -278 -194489
0.867992 -260.933044 -376.689301 -260 -190915
0.868992 -242.445099 -369.072052 -242 -186999
0.869992 -223.513138 -360.778870 -223 -182747
0.870992 -204.171799 -351.824890 -204 -178164
0.871992 -184.456512 -342.226562 -184 -173255
0.872992 -164.403397 -332.001434 -164 -168024
0.873992 -144.049164 -321.168243 -144 -162491
0.874992 -123.431114 -309.746826 -123 -156659
0.875992 -102.586998 -297.758087 -102 -150531
0.876992 -81.554993 -285.223999 -81 -144125
0.877992 -60.373615 -272.167542 -60 -137458
0.878992 -39.081665 -258.612610 -39 -130547
0.879992 -17.718134 -244.584015 -17 -123391
0.880992 3.677848 -230.107452 3 -116020
0.881992 25.067093 -215.209457 25 -108448
0.882992 46.410427 -199.917297 46 -100670
0.883992 67.668762 -184.258987 67 -92716
0.884992 88.803154 -168.263199 88 -84596
0.885992 109.774910 -151.959244 109 -76321
0.886992 130.545609 -135.376968 130 -67900
0.887992 151.077209 -118.546753 151 -59342
0.888992 171.332108 -101.499413 171 -50672
0.889992 191.273224 -84.266174 191 -41911
0.890992 210.863998 -66.878601 210 -33081
0.891992 230.068588 -49.368542 230 -24186
0.892992 248.851807 -31.768063 248 -15245
0.893992 267.179230 -14.109401 267 -6278
0.894992 285.017334 3.575103 285 2715
0.895992 302.333405 21.253059 302 11700
0.896992 319.095764 38.892090 319 20663
0.897992 335.273682 56.459888 335 29588
0.898992 350.837555 73.924278 350 38447
0.899992 365.758881 91.253281 365 47229
0.900992 380.010284 108.415146 380 55939
0.901992 393.565704 125.378448 393 64550
0.902992 406.400299 142.112122 406 73037
0.903992 418.490570 158.585510 418 81392
0.904992 429.814362 174.768448 429 89591
0.905992 440.350952 190.631302 440 97629
0.906992 450.081024 206.145004 450 105500
0.907992 458.986786 221.281158 458 113167
0.908992 467.051880 236.012024 467 120627
0.909992 474.261597 250.310638 474 127878
0.910992 480.602661 264.150787 480 134886
0.911992 486.063507 277.507141 486 141650
0.912992 490.634125 290.355255 490 148153
0.913992 494.306152 302.671570 494 154381
0.914992 497.072845 314.433533 497 160335
0.915992 498.929138 325.619629 498 165985
0.916992 499.871643 336.209351 499 171319
0.917992 499.898621 346.183289 499 176340
0.918992 499.010010 355.523193 499 181052
0.919992 497.207489 364.211945 497 185444
0.920992 494.494293 372.233643 494 189487
0.921992 490.875427 379.573578 490 193172
0.922992 486.357544 386.218323 486 196505
0.923992 480.948883 392.155701 480 199478
0.924992 474.659332 397.374847 474 202081
0.925992 467.500458 401.866180 467 204321
0.926992 459.485352 405.621490 459 206189
0.927992 450.628693 408.633911 450 207677
0.928992 440.946686 410.897919 440 208777
0.929992 430.457092 412.409363 430 209498
0.930992 419.179108 413.165466 419 209846
0.931992 407.133392 413.164856 407 209814
0.932992 394.342010 412.407532 394 209394
0.933992 380.828369 410.894867 380 208579
0.934992 366.617249 408.629639 366 207378
0.935992 351.734680 405.615997 351 205799
0.936992 336.207886 401.859467 336 203849
0.937991 320.065308 397.366943 320 201536
0.938991 303.336548 392.146637 303 198850
0.939991 286.052216 386.208099 286 195799
0.940991 268.243988 379.562225 268 192390
0.941991 249.944458 372.221161 249 188614
0.942991 231.187149 364.198395 231 184493
0.943991 212.006424 355.508575 212 180049
0.944991 192.437393 346.167633 192 175270
0.945991 172.515915 336.192688 172 170162
0.946991 152.278488 325.601990 152 164745
0.947991 131.762146 314.414948 131 159021
0.948991 111.004478 302.652069 111 153009
0.949991 90.043510 290.334869 90 146728
0.950991 68.917625 277.485931 68 140163
0.951991 47.665512 264.128754 47 133331
0.952991 26.326105 250.287827 26 126265
0.953991 4.938478 235.988495 4 118963
0.954991 -16.458193 221.256943 -16 111455
0.955991 -37.824718 206.120163 -37 103770
0.956991 -59.121971 190.605865 -59 95887
0.957991 -80.310936 174.742477 -80 87818
0.958991 -101.352814 158.559052 -101 79592
0.959991 -122.209068 142.085220 -122 71217
0.960991 -142.841492 125.351151 -142 62717
0.961991 -163.212296 108.387497 -163 54101
0.962991 -183.284164 91.225334 -183 45376
0.963991 -203.020355 73.896095 -203 36564
0.964991 -222.384720 56.431511 -222 27686
0.965991 -241.341782 38.863571 -241 18761
0.966991 -259.856812 21.224451 -259 9808
0.967991 -277.895905 3.546459 -277 845
0.968991 -295.426056 -14.138028 -295 -8128
0.969991 -312.415100 -31.796621 -312 -17095
0.970991 -328.831970 -49.396980 -328 -26025
0.971991 -344.646576 -66.906868 -344 -34904
0.972991 -359.829956 -84.294212 -359 -43721
0.973991 -374.354309 -101.527176 -374 -52464
0.974991 -388.193024 -118.574188 -388 -61121
0.975991 -401.320770 -135.404037 -401 -69666
0.976991 -413.713470 -151.985886 -413 -78075
0.977991 -425.348450 -168.289368 -425 -86341
0.978991 -436.204407 -184.284622 -436 -94457
0.979991 -446.261444 -199.942368 -446 -102400
0.980991 -455.501160 -215.233902 -455 -110151
0.981991 -463.906616 -230.131241 -463 -117691
0.982991 -471.462402 -244.607086 -471 -125016
0.983991 -478.154724 -258.634949 -478 -132124
0.984991 -483.971283 -272.189117 -483 -138982
0.985991 -488.901428 -285.244751 -488 -145574
0.986991 -492.936188 -297.777954 -492 -151901
0.987991 -496.068085 -309.765778 -496 -157964
0.988991 -498.291443 -321.186249 -498 -163747
0.989991 -499.602173 -332.018463 -499 -169221
0.990991 -499.997894 -342.242584 -499 -174374
0.991991 -499.477844 -351.839905 -499 -179210
0.992991 -498.042999 -360.792816 -498 -183733
0.993991 -495.695984 -369.084930 -495 -187915
0.994991 -492.441071 -376.701050 -492 -191746
0.995991 -488.284271 -383.627258 -488 -195233
0.996991 -483.233154 -389.850830 -483 -198364
0.997991 -477.296997 -395.360382 -477 -201131
0.998991 -470.486664 -400.145844 -470 -203526
